Scan completed on 2024-12-13 13:51:22.027340
Target: 172.16.100.237
Ports scanned: 1 to 10000

Open Ports:

Closed Ports:

Filtered Ports:
1
3
2
11
10
4
7
9
12
6
5
8
23
13
19
15
16
17
24
31
25
14
22
33
36
18
20
27
28
26
21
35
29
30
32
34
42
40
44
39
43
50
48
38
53
54
51
46
41
47
45
37
55
49
60
61
56
57
71
62
66
63
68
58
67
59
52
64
65
72
70
73
82
81
80
83
84
87
74
79
77
76
69
91
88
75
78
90
93
89
86
94
96
85
97
92
98
95
100
99
101
102
106
103
104
108
110
109
105
107
111
112
113
115
119
116
117
118
114
120
143
122
137
140
124
138
126
129
139
145
123
144
136
121
146
130
131
141
125
132
134
135
147
149
133
128
127
157
142
152
165
160
171
166
161
167
169
170
158
150
177
174
159
172
175
176
168
164
151
179
153
156
155
181
162
163
182
173
154
148
183
190
187
191
188
186
184
180
178
195
196
193
185
189
194
192
197
198
199
200
202
201
203
204
210
205
209
206
211
208
207
213
212
217
214
215
218
216
219
225
227
226
229
231
220
223
221
236
228
230
232
222
240
239
241
224
242
244
243
248
235
237
246
233
238
234
255
262
257
264
269
260
254
256
268
263
247
259
250
266
273
265
270
249
251
274
261
267
245
252
258
253
276
280
278
282
277
279
288
275
286
291
290
284
296
283
285
289
295
292
281
271
272
287
293
294
297
298
299
300
302
301
401
402
403
405
404
406
408
407
409
410
411
412
414
413
415
417
416
419
418
420
421
422
424
423
311
303
304
426
425
427
428
429
430
305
431
310
432
433
434
435
436
437
439
438
440
441
442
443
444
445
446
447
306
308
313
307
309
448
450
449
316
320
451
317
452
312
453
454
455
457
321
315
323
314
319
458
322
456
318
459
460
324
461
462
463
465
325
466
467
464
468
330
326
469
470
334
328
473
471
472
332
335
474
338
333
331
329
327
336
475
337
476
477
344
478
341
342
479
339
343
340
480
345
481
346
482
484
483
485
486
489
488
487
490
491
492
493
495
494
496
498
497
500
499
501
503
502
504
505
506
347
508
507
349
352
350
509
351
510
511
355
512
353
513
514
515
356
517
361
360
364
359
366
519
365
516
348
354
362
358
363
520
357
518
521
522
371
523
375
379
370
373
369
524
378
526
525
385
527
528
380
530
529
531
368
387
381
383
374
391
390
384
386
388
372
376
532
382
392
367
377
533
389
534
393
535
536
537
538
540
539
541
543
542
545
544
546
547
548
549
550
551
552
553
395
554
394
396
556
555
557
558
559
561
560
562
397
563
564
565
567
568
566
569
570
571
572
574
573
575
576
579
578
577
581
582
580
583
586
584
585
587
588
589
590
594
591
593
595
592
596
598
599
600
601
602
597
603
604
606
609
605
607
610
611
608
612
613
614
616
615
617
619
618
621
622
620
624
625
623
626
628
629
627
630
631
633
632
634
635
636
637
638
640
639
642
641
643
644
645
646
647
648
649
650
653
652
655
654
651
657
656
658
660
659
661
662
663
664
398
666
665
668
667
669
670
672
671
673
674
675
676
678
677
681
682
679
684
683
680
685
686
688
689
687
691
692
690
693
695
694
697
696
698
699
701
700
702
703
704
705
706
707
708
711
710
709
713
712
714
715
717
716
719
718
720
721
722
724
725
723
726
727
728
729
730
399
731
732
733
734
735
737
736
739
738
741
743
742
740
744
745
746
747
748
749
750
751
753
752
754
755
756
757
758
759
761
760
762
764
766
765
768
770
769
771
763
767
774
775
772
773
778
777
779
776
780
781
782
783
787
786
784
788
785
790
791
789
792
793
794
795
797
798
796
800
799
801
803
806
804
805
807
802
809
810
808
811
812
813
815
814
816
817
820
818
819
821
822
824
825
823
826
827
828
829
830
831
832
833
834
836
835
837
838
841
840
842
839
844
400
843
846
845
847
849
848
850
851
854
853
855
852
857
856
859
858
860
861
865
862
863
866
864
867
869
868
870
871
873
872
874
875
876
877
878
880
879
881
882
883
884
885
886
888
890
889
887
891
893
894
895
892
897
898
896
899
902
900
901
903
904
905
906
907
910
909
911
912
908
913
915
914
916
918
917
919
920
921
922
923
925
924
926
929
930
931
928
927
932
933
935
934
936
938
937
939
940
941
942
943
944
945
946
947
948
950
949
952
951
954
953
955
956
957
958
959
960
961
962
963
964
966
965
967
969
968
972
971
974
970
973
977
978
975
979
976
982
981
980
983
985
984
986
987
988
989
991
992
990
993
995
994
996
999
1000
997
1002
998
1001
1003
1005
1004
1006
1007
1008
1009
1010
1012
1011
1014
1015
1013
1016
1017
1020
1018
1019
1021
1022
1023
1026
1025
1027
1028
1024
1029
1030
1031
1032
1034
1033
1036
1035
1037
1039
1038
1040
1041
1042
1043
1044
1045
1046
1049
1048
1050
1047
1051
1053
1054
1052
1055
1057
1056
1058
1059
1060
1061
1062
1063
1064
1065
1066
1069
1071
1067
1068
1073
1070
1072
1074
1075
1077
1076
1078
1079
1080
1081
1082
1083
1085
1088
1084
1086
1089
1090
1091
1093
1087
1092
1094
1095
1096
1097
1098
1099
1102
1100
1101
1103
1104
1105
1106
1107
1108
1110
1109
1111
1112
1114
1113
1117
1118
1119
1116
1120
1115
1121
1122
1123
1124
1125
1126
1128
1127
1129
1130
1132
1133
1131
1134
1135
1136
1137
1140
1138
1141
1139
1143
1142
1144
1145
1147
1146
1150
1149
1148
1151
1152
1153
1154
1155
1156
1158
1157
1159
1161
1160
1162
1167
1165
1163
1166
1164
1168
1169
1170
1171
1172
1173
1175
1176
1178
1174
1177
1180
1181
1179
1182
1183
1184
1185
1186
1187
1188
1190
1189
1191
1193
1192
1194
1197
1195
1199
1196
1200
1198
1201
1202
1203
1204
1205
1206
1207
1208
1209
1210
1211
1212
1213
1215
1214
1216
1217
1220
1221
1218
1219
1222
1224
1223
1225
1227
1228
1229
1231
1234
1230
1226
1235
1233
1232
1236
1237
1239
1238
1240
1241
1243
1242
1244
1245
1246
1247
1248
1250
1249
1251
1252
1254
1253
1255
1257
1258
1256
1259
1260
1261
1262
1263
1264
1269
1266
1267
1265
1270
1268
1271
1272
1273
1274
1275
1277
1276
1278
1279
1280
1281
1282
1284
1283
1285
1286
1287
1288
1289
1291
1290
1294
1292
1293
1295
1297
1296
1298
1301
1300
1299
1302
1303
1304
1305
1306
1307
1308
1309
1312
1311
1313
1310
1314
1316
1315
1317
1318
1319
1322
1320
1321
1323
1325
1324
1326
1327
1328
1329
1330
1331
1332
1333
1335
1336
1334
1337
1339
1338
1340
1342
1343
1341
1344
1345
1346
1347
1348
1349
1352
1350
1351
1353
1354
1357
1355
1356
1359
1360
1358
1362
1361
1363
1364
1365
1366
1367
1368
1369
1372
1370
1371
1373
1374
1375
1378
1376
1377
1379
1380
1381
1382
1384
1385
1387
1388
1383
1389
1386
1390
1393
1391
1392
1394
1396
1395
1397
1400
1399
1398
1401
1403
1402
1404
1405
1406
1407
1408
1411
1409
1410
1412
1413
1414
1416
1417
1415
1418
1419
1420
1421
1422
1423
1424
1427
1425
1426
1428
1429
1430
1432
1431
1434
1433
1436
1435
1439
1438
1440
1437
1441
1442
1443
1445
1444
1447
1446
1448
1450
1449
1451
1452
1453
1456
1455
1457
1458
1454
1459
1462
1464
1461
1460
1463
1465
1466
1468
1467
1469
1470
1471
1474
1472
1473
1475
1476
1477
1478
1479
1481
1482
1480
1484
1485
1483
1486
1488
1487
1489
1490
1491
1492
1494
1493
1496
1497
1495
1499
1500
1498
1501
1504
1503
1505
1502
1507
1506
1510
1509
1508
1512
1513
1514
1511
1516
1517
1515
1518
1519
1520
1522
1523
1524
1521
1525
1526
1528
1527
1529
1531
1530
1533
1534
1535
1536
1532
1537
1539
1538
1541
1542
1543
1540
1546
1545
1544
1547
1549
1548
1550
1553
1551
1552
1554
1555
1557
1556
1559
1560
1558
1562
1561
1563
1564
1565
1566
1567
1568
1569
1570
1572
1574
1571
1575
1573
1576
1577
1578
1579
1582
1580
1584
1583
1581
1585
1586
1587
1588
1589
1590
1591
1592
1593
1594
1596
1597
1595
1599
1598
1600
1601
1602
1603
1604
1606
1605
1607
1608
1609
1610
1611
1612
1614
1613
1615
1616
1617
1618
1621
1620
1619
1622
1624
1623
1625
1626
1628
1627
1629
1630
1631
1632
1634
1633
1635
1636
1637
1638
1640
1639
1641
1644
1642
1643
1645
1646
1648
1647
1649
1651
1650
1653
1654
1652
1655
1656
1658
1659
1657
1660
1661
1662
1663
1665
1664
1666
1669
1668
1670
1667
1671
1672
1673
1676
1675
1674
1677
1678
1679
1680
1681
1682
1684
1683
1685
1686
1687
1688
1689
1690
1693
1692
1691
1694
1695
1696
1697
1699
1698
1701
1700
1702
1704
1705
1703
1706
1707
1708
1709
1711
1710
1712
1713
1716
1715
1714
1717
1718
1720
1721
1719
1722
1723
1724
1726
1727
1728
1725
1731
1732
1730
1729
1733
1735
1736
1734
1737
1739
1738
1740
1741
1742
1744
1743
1746
1745
1747
1748
1749
1751
1752
1753
1750
1754
1755
1758
1757
1759
1756
1761
1760
1762
1765
1764
1766
1767
1763
1768
1769
1770
1771
1772
1774
1773
1775
1776
1777
1779
1778
1780
1781
1782
1783
1784
1787
1785
1788
1786
1790
1791
1789
1792
1793
1795
1796
1797
1794
1798
1801
1799
1800
1802
1804
1803
1805
1807
1806
1808
1809
1810
1811
1812
1814
1815
1813
1816
1817
1819
1818
1820
1822
1821
1823
1825
1826
1824
1828
1829
1827
1831
1830
1832
1833
1834
1835
1836
1837
1838
1839
1840
1841
1842
1843
1844
1845
1847
1846
1848
1851
1849
1852
1850
1853
1854
1855
1857
1856
1859
1860
1858
1861
1862
1863
1866
1864
1867
1869
1865
1868
1870
1873
1874
1872
1871
1876
1875
1877
1878
1880
1881
1879
1882
1883
1884
1886
1887
1885
1889
1888
1891
1890
1892
1893
1894
1895
1896
1898
1897
1899
1902
1901
1900
1903
1904
1905
1906
1907
1908
1909
1910
1911
1913
1912
1914
1916
1915
1917
1918
1919
1920
1922
1921
1923
1924
1925
1926
1927
1929
1928
1930
1931
1933
1932
1936
1934
1935
1937
1938
1939
1940
1941
1942
1944
1945
1946
1943
1947
1948
1950
1949
1951
1952
1953
1954
1955
1956
1957
1958
1961
1959
1960
1962
1964
1963
1965
1966
1967
1968
1969
1970
1973
1971
1972
1974
1975
1977
1976
1979
1978
1981
1982
1980
1983
1985
1984
1986
1987
1988
1989
1991
1990
1992
1995
1993
1994
1997
1999
1998
1996
2001
2000
2002
2003
2004
2006
2008
2005
2007
2009
2010
2011
2013
2014
2012
2016
2015
2017
2018
2020
2019
2021
2022
2023
2024
2025
2028
2030
2026
2029
2032
2034
2035
2027
2033
2031
2036
2037
2038
2039
2041
2040
2042
2043
2044
2047
2045
2046
2048
2049
2050
2051
2054
2052
2053
2056
2057
2055
2058
2059
2061
2060
2062
2064
2065
2063
2066
2067
2068
2069
2070
2072
2073
2074
2075
2076
2071
2077
2079
2080
2081
2082
2078
2083
2084
2085
2086
2087
2088
2090
2089
2091
2092
2093
2095
2096
2094
2097
2100
2098
2099
2102
2101
2104
2105
2103
2106
2107
2109
2108
2111
2110
2112
2113
2115
2114
2116
2117
2118
2119
2120
2121
2122
2123
2124
2125
2126
2127
2129
2128
2130
2131
2132
2133
2134
2135
2136
2137
2138
2140
2139
2141
2142
2144
2143
2145
2146
2147
2149
2152
2151
2148
2150
2155
2154
2153
2156
2158
2157
2160
2159
2161
2162
2163
2164
2166
2165
2167
2168
2169
2170
2171
2172
2174
2173
2176
2180
2177
2175
2181
2179
2178
2184
2183
2182
2185
2186
2187
2189
2188
2190
2191
2192
2194
2197
2193
2196
2195
2199
2198
2200
2202
2201
2204
2203
2206
2205
2208
2207
2210
2209
2211
2212
2213
2214
2215
2216
2218
2217
2219
2220
2221
2222
2223
2224
2225
2226
2227
2228
2229
2231
2232
2230
2233
2234
2235
2236
2237
2238
2239
2240
2242
2241
2245
2243
2246
2244
2247
2248
2250
2251
2249
2252
2254
2253
2255
2256
2257
2258
2259
2263
2262
2261
2260
2264
2265
2267
2266
2268
2269
2270
2271
2272
2273
2275
2276
2274
2277
2278
2279
2280
2281
2282
2283
2284
2286
2285
2287
2288
2289
2290
2291
2292
2293
2294
2295
2296
2298
2300
2299
2297
2301
2303
2302
2304
2305
2307
2308
2306
2309
2311
2312
2313
2310
2316
2314
2315
2317
2319
2318
2320
2321
2322
2324
2323
2325
2326
2327
2328
2329
2330
2331
2332
2333
2334
2336
2338
2339
2335
2337
2340
2341
2342
2343
2344
2346
2347
2348
2345
2349
2351
2350
2352
2354
2355
2353
2356
2357
2358
2359
2360
2361
2362
2363
2364
2365
2366
2368
2370
2367
2371
2369
2372
2374
2373
2375
2376
2377
2378
2382
2379
2381
2380
2384
2385
2383
2386
2388
2387
2389
2392
2390
2391
2394
2395
2396
2397
2393
2399
2398
2400
2401
2402
2403
2405
2404
2406
2409
2408
2407
2410
2411
2412
2414
2413
2416
2415
2417
2418
2422
2419
2421
2420
2423
2424
2425
2426
2427
2428
2429
2432
2433
2430
2431
2434
2435
2437
2438
2436
2439
2440
2441
2442
2443
2445
2444
2446
2448
2447
2449
2450
2451
2452
2453
2454
2455
2456
2457
2458
2460
2461
2459
2462
2463
2464
2465
2466
2469
2467
2468
2471
2470
2473
2472
2474
2476
2475
2477
2478
2480
2479
2481
2482
2483
2484
2485
2486
2488
2487
2491
2492
2490
2489
2493
2495
2496
2497
2494
2498
2499
2501
2500
2502
2504
2503
2505
2506
2507
2508
2509
2510
2513
2512
2511
2516
2517
2515
2514
2518
2519
2520
2523
2524
2522
2525
2526
2521
2527
2528
2529
2531
2530
2532
2534
2533
2535
2536
2537
2538
2539
2540
2541
2542
2543
2544
2545
2546
2547
2548
2552
2550
2549
2553
2551
2555
2554
2556
2557
2558
2559
2560
2562
2561
2563
2564
2565
2566
2567
2568
2569
2571
2570
2572
2573
2575
2574
2576
2577
2578
2579
2580
2585
2583
2581
2584
2588
2587
2582
2586
2590
2591
2589
2592
2594
2593
2595
2596
2597
2598
2599
2600
2602
2601
2604
2603
2605
2607
2606
2608
2612
2610
2609
2611
2613
2614
2615
2616
2619
2618
2617
2621
2620
2622
2623
2624
2625
2626
2627
2629
2628
2631
2630
2632
2634
2635
2636
2633
2637
2639
2638
2641
2640
2642
2643
2644
2646
2647
2645
2648
2650
2649
2652
2651
2653
2656
2654
2657
2655
2658
2659
2661
2660
2663
2662
2664
2666
2665
2667
2669
2668
2670
2671
2672
2674
2673
2675
2676
2678
2677
2679
2680
2681
2682
2684
2686
2683
2685
2687
2688
2689
2690
2691
2692
2693
2695
2697
2696
2700
2699
2694
2701
2702
2698
2703
2704
2705
2706
2707
2708
2711
2712
2709
2714
2713
2718
2717
2716
2710
2719
2715
2721
2720
2722
2723
2724
2725
2726
2728
2727
2729
2730
2731
2732
2734
2733
2735
2737
2736
2738
2740
2741
2739
2742
2744
2746
2743
2745
2748
2747
2749
2750
2752
2751
2753
2754
2755
2756
2757
2759
2760
2758
2761
2762
2763
2764
2765
2767
2768
2766
2769
2771
2770
2773
2772
2774
2775
2777
2776
2779
2778
2780
2781
2782
2783
2784
2785
2787
2788
2789
2786
2791
2792
2793
2790
2794
2795
2796
2798
2797
2800
2801
2799
2802
2803
2805
2804
2806
2807
2809
2808
2810
2811
2812
2813
2814
2816
2815
2818
2819
2817
2820
2821
2822
2823
2824
2825
2827
2826
2828
2830
2831
2829
2832
2834
2833
2835
2837
2836
2840
2838
2839
2842
2843
2844
2841
2845
2847
2846
2848
2849
2851
2850
2853
2854
2852
2855
2856
2857
2859
2860
2861
2858
2862
2863
2864
2865
2866
2867
2868
2869
2870
2873
2874
2872
2875
2871
2876
2877
2878
2880
2881
2882
2879
2883
2884
2885
2886
2887
2888
2889
2891
2890
2892
2894
2893
2895
2896
2897
2899
2898
2900
2902
2901
2904
2903
2905
2906
2907
2909
2910
2908
2911
2912
2913
2914
2915
2916
2918
2920
2917
2919
2922
2921
2923
2924
2925
2926
2927
2928
2930
2931
2929
2932
2933
2934
2935
2937
2936
2938
2939
2941
2940
2942
2943
2944
2945
2948
2946
2951
2949
2952
2947
2950
2953
2954
2955
2956
2957
2959
2958
2960
2961
2963
2964
2962
2966
2965
2967
2968
2969
2970
2973
2972
2975
2976
2974
2971
2978
2980
2979
2977
2981
2983
2982
2984
2985
2986
2987
2989
2991
2990
2988
2994
2992
2993
2995
2996
2998
2997
2999
3000
3003
3002
3004
3001
3007
3006
3005
3009
3008
3010
3012
3013
3011
3014
3015
3016
3019
3020
3017
3023
3024
3018
3022
3021
3025
3026
3027
3028
3029
3030
3031
3032
3034
3035
3036
3038
3037
3039
3040
3033
3041
3043
3042
3044
3045
3046
3048
3047
3049
3050
3052
3051
3053
3054
3055
3056
3057
3059
3058
3060
3064
3062
3066
3069
3061
3065
3071
3068
3073
3063
3075
3072
3067
3070
3077
3076
3074
3078
3079
3080
3081
3082
3083
3085
3084
3086
3087
3089
3088
3091
3092
3093
3094
3090
3095
3097
3096
3098
3100
3101
3099
3102
3103
3106
3105
3104
3107
3108
3109
3111
3112
3113
3115
3114
3110
3116
3117
3118
3120
3121
3119
3124
3125
3126
3122
3123
3127
3128
3129
3130
3131
3132
3134
3133
3135
3136
3137
3138
3140
3139
3143
3142
3144
3145
3141
3147
3146
3148
3150
3149
3151
3152
3153
3154
3155
3156
3158
3161
3157
3159
3160
3162
3163
3164
3165
3166
3167
3169
3170
3168
3171
3172
3175
3176
3173
3174
3177
3179
3180
3181
3178
3182
3183
3185
3184
3186
3187
3189
3188
3190
3191
3192
3193
3195
3194
3197
3196
3198
3199
3202
3203
3200
3201
3204
3205
3207
3208
3206
3210
3211
3209
3215
3212
3216
3213
3214
3217
3219
3218
3220
3221
3223
3225
3226
3224
3228
3230
3229
3227
3222
3231
3232
3234
3233
3235
3236
3238
3237
3239
3240
3241
3242
3246
3243
3245
3248
3247
3244
3249
3250
3251
3253
3252
3255
3254
3256
3257
3258
3259
3261
3260
3263
3265
3264
3262
3267
3266
3269
3271
3270
3268
3274
3275
3273
3272
3276
3278
3277
3279
3280
3282
3281
3283
3284
3285
3286
3287
3290
3289
3291
3292
3288
3293
3294
3295
3297
3296
3298
3299
3300
3301
3303
3302
3307
3304
3306
3305
3308
3309
3310
3311
3312
3313
3315
3314
3316
3317
3318
3319
3321
3320
3322
3324
3323
3325
3326
3327
3328
3331
3329
3330
3333
3334
3332
3336
3335
3337
3338
3339
3340
3341
3343
3342
3344
3345
3346
3347
3348
3350
3351
3353
3354
3349
3352
3355
3356
3357
3358
3359
3361
3360
3363
3362
3365
3364
3366
3368
3367
3370
3369
3371
3372
3373
3374
3375
3376
3377
3378
3379
3380
3383
3381
3384
3382
3385
3388
3389
3387
3386
3391
3393
3390
3394
3395
3396
3397
3392
3398
3399
3400
3402
3401
3403
3405
3406
3404
3407
3408
3409
3411
3410
3413
3412
3414
3415
3417
3420
3416
3418
3419
3421
3422
3423
3424
3425
3426
3427
3428
3430
3431
3434
3429
3433
3435
3432
3436
3437
3439
3438
3441
3442
3444
3445
3443
3440
3446
3447
3449
3450
3451
3452
3453
3448
3454
3455
3456
3457
3458
3459
3461
3460
3462
3464
3463
3466
3465
3467
3468
3469
3471
3470
3472
3474
3473
3475
3476
3477
3478
3479
3482
3480
3481
3483
3484
3485
3487
3486
3489
3490
3488
3493
3491
3494
3492
3495
3496
3497
3499
3498
3500
3501
3502
3504
3505
3503
3506
3507
3509
3508
3511
3514
3512
3510
3515
3513
3516
3517
3520
3519
3518
3521
3522
3524
3523
3527
3526
3528
3529
3525
3531
3530
3532
3533
3534
3536
3537
3535
3538
3539
3540
3541
3542
3544
3545
3543
3547
3546
3548
3549
3550
3551
3554
3552
3553
3555
3557
3558
3556
3560
3561
3559
3563
3562
3564
3565
3566
3568
3567
3569
3570
3572
3573
3571
3574
3575
3576
3578
3577
3580
3581
3579
3583
3582
3584
3586
3585
3588
3589
3587
3590
3591
3593
3595
3594
3592
3596
3598
3599
3600
3601
3597
3603
3602
3604
3605
3606
3607
3609
3610
3611
3608
3612
3613
3615
3614
3618
3616
3619
3617
3620
3622
3621
3623
3624
3625
3626
3627
3628
3630
3631
3629
3633
3632
3634
3635
3636
3637
3638
3639
3640
3641
3642
3643
3644
3648
3647
3650
3645
3651
3649
3652
3646
3653
3655
3654
3658
3656
3657
3659
3660
3661
3662
3664
3663
3665
3666
3667
3668
3669
3670
3671
3673
3674
3675
3672
3676
3679
3678
3677
3680
3681
3682
3684
3685
3683
3686
3687
3688
3689
3690
3691
3692
3693
3694
3695
3697
3696
3698
3700
3699
3701
3702
3703
3706
3704
3705
3707
3708
3709
3710
3711
3713
3712
3714
3716
3715
3717
3718
3719
3720
3721
3722
3723
3724
3725
3727
3728
3726
3729
3730
3731
3735
3734
3732
3733
3737
3738
3736
3739
3740
3742
3744
3741
3743
3745
3746
3748
3750
3749
3747
3751
3752
3753
3754
3755
3756
3757
3758
3759
3761
3760
3762
3763
3764
3765
3766
3767
3768
3770
3769
3771
3774
3773
3772
3775
3776
3777
3778
3779
3780
3782
3781
3783
3786
3784
3785
3787
3789
3791
3788
3792
3790
3793
3795
3796
3797
3794
3799
3798
3800
3802
3801
3804
3803
3805
3806
3810
3807
3809
3811
3808
3813
3812
3814
3816
3815
3817
3819
3818
3821
3820
3822
3823
3824
3825
3826
3827
3828
3829
3831
3830
3832
3833
3835
3834
3836
3837
3838
3839
3840
3841
3842
3843
3844
3845
3846
3847
3848
3850
3849
3852
3853
3854
3851
3855
3856
3857
3858
3860
3859
3861
3862
3863
3864
3865
3867
3866
3868
3869
3870
3873
3874
3875
3872
3871
3879
3878
3876
3877
3880
3881
3882
3883
3884
3885
3886
3888
3889
3887
3890
3891
3894
3892
3893
3895
3897
3896
3898
3899
3900
3901
3902
3903
3904
3905
3906
3908
3907
3910
3909
3911
3912
3913
3914
3915
3917
3916
3919
3920
3918
3922
3921
3923
3924
3925
3926
3927
3928
3929
3930
3932
3933
3931
3934
3935
3936
3938
3939
3940
3941
3937
3942
3944
3943
3945
3946
3947
3948
3950
3949
3951
3953
3952
3954
3955
3957
3956
3958
3959
3960
3961
3964
3962
3965
3966
3968
3963
3969
3967
3971
3970
3972
3973
3974
3975
3976
3979
3978
3977
3980
3981
3983
3982
3985
3986
3984
3987
3988
3990
3989
3991
3992
3993
3995
3994
3997
3996
3999
3998
4000
4002
4001
4003
4004
4006
4005
4007
4008
4009
4010
4012
4011
4015
4014
4013
4018
4016
4017
4019
4020
4022
4021
4024
4023
4025
4027
4026
4029
4028
4030
4032
4031
4033
4035
4034
4036
4037
4038
4040
4041
4039
4042
4044
4043
4046
4045
4047
4049
4048
4050
4053
4052
4051
4054
4055
4057
4056
4058
4059
4060
4061
4062
4063
4064
4065
4066
4068
4067
4069
4071
4070
4074
4072
4073
4076
4075
4078
4077
4082
4080
4081
4079
4083
4084
4087
4085
4086
4090
4088
4091
4093
4089
4092
4094
4095
4097
4096
4099
4100
4098
4101
4102
4103
4104
4105
4106
4107
4108
4109
4110
4111
4113
4112
4114
4117
4115
4116
4118
4119
4120
4121
4123
4122
4124
4125
4126
4127
4129
4131
4130
4132
4133
4128
4134
4135
4137
4136
4139
4140
4138
4142
4144
4141
4143
4145
4147
4148
4146
4149
4150
4151
4152
4153
4154
4155
4156
4157
4158
4159
4160
4162
4161
4164
4163
4166
4167
4168
4165
4169
4170
4171
4172
4174
4173
4175
4176
4178
4179
4177
4180
4181
4182
4184
4185
4183
4186
4187
4188
4189
4190
4192
4194
4191
4193
4196
4195
4197
4198
4200
4199
4201
4203
4202
4205
4204
4206
4207
4208
4209
4210
4211
4212
4213
4214
4215
4217
4219
4216
4218
4220
4221
4222
4223
4224
4225
4226
4227
4228
4229
4231
4230
4232
4233
4234
4235
4236
4237
4238
4239
4240
4241
4242
4243
4245
4244
4246
4247
4248
4249
4251
4250
4253
4252
4254
4255
4257
4256
4259
4258
4260
4261
4262
4263
4264
4265
4266
4267
4268
4269
4270
4271
4272
4273
4274
4275
4276
4278
4277
4279
4280
4282
4284
4281
4285
4283
4286
4288
4287
4289
4290
4292
4291
4293
4294
4295
4296
4297
4298
4299
4300
4301
4302
4303
4304
4305
4306
4307
4308
4309
4311
4310
4314
4313
4312
4315
4316
4317
4319
4320
4318
4321
4322
4323
4325
4324
4326
4327
4329
4328
4330
4331
4334
4335
4332
4336
4337
4333
4338
4340
4341
4339
4342
4343
4345
4344
4347
4346
4348
4349
4350
4352
4353
4354
4351
4356
4355
4357
4358
4359
4360
4362
4361
4364
4365
4366
4363
4368
4369
4371
4367
4370
4372
4373
4374
4375
4376
4378
4379
4377
4380
4381
4382
4383
4384
4385
4386
4387
4388
4391
4390
4389
4392
4393
4395
4396
4394
4397
4399
4400
4401
4398
4402
4403
4404
4405
4406
4407
4409
4408
4410
4411
4412
4413
4414
4415
4416
4418
4417
4419
4421
4423
4422
4420
4425
4424
4427
4426
4428
4429
4430
4431
4432
4434
4433
4435
4437
4438
4436
4440
4439
4442
4441
4443
4444
4446
4445
4447
4450
4449
4448
4451
4452
4453
4454
4455
4457
4456
4458
4459
4460
4464
4462
4463
4461
4465
4466
4467
4468
4470
4469
4471
4472
4474
4475
4476
4478
4477
4479
4473
4480
4481
4482
4484
4485
4486
4483
4488
4489
4487
4490
4491
4493
4492
4496
4494
4495
4498
4501
4497
4500
4504
4502
4499
4506
4503
4505
4508
4507
4512
4510
4514
4513
4509
4515
4511
4516
4517
4518
4519
4521
4520
4522
4523
4526
4525
4527
4528
4524
4530
4529
4532
4533
4531
4534
4535
4536
4537
4538
4539
4540
4541
4542
4544
4545
4547
4546
4543
4548
4549
4550
4551
4552
4554
4553
4556
4555
4558
4557
4559
4560
4562
4561
4563
4564
4565
4567
4566
4569
4568
4571
4570
4572
4574
4575
4576
4573
4577
4578
4579
4581
4580
4582
4583
4584
4585
4586
4587
4589
4590
4588
4592
4591
4593
4594
4595
4596
4597
4598
4599
4601
4600
4602
4603
4604
4607
4605
4606
4608
4610
4609
4612
4611
4613
4615
4614
4617
4616
4618
4620
4619
4621
4622
4623
4625
4627
4624
4626
4628
4629
4632
4631
4633
4634
4630
4635
4636
4637
4639
4640
4638
4641
4644
4642
4643
4645
4646
4647
4648
4649
4650
4651
4652
4654
4653
4655
4656
4657
4658
4661
4659
4660
4662
4663
4664
4665
4666
4670
4668
4671
4673
4674
4667
4669
4675
4676
4672
4677
4678
4679
4680
4681
4683
4684
4682
4686
4685
4687
4689
4688
4691
4690
4692
4693
4695
4694
4697
4698
4696
4699
4700
4701
4702
4705
4703
4704
4706
4707
4708
4709
4712
4710
4711
4713
4715
4714
4717
4716
4719
4718
4720
4721
4722
4723
4724
4726
4725
4727
4728
4729
4730
4731
4732
4734
4733
4735
4737
4738
4736
4739
4740
4741
4742
4743
4744
4745
4747
4748
4746
4749
4750
4751
4752
4753
4755
4754
4756
4757
4758
4759
4760
4761
4762
4764
4763
4765
4766
4767
4768
4772
4773
4774
4769
4770
4771
4775
4776
4777
4778
4779
4780
4781
4782
4783
4784
4786
4787
4785
4788
4790
4789
4791
4792
4793
4794
4796
4795
4797
4798
4799
4800
4802
4801
4803
4805
4807
4808
4809
4810
4811
4806
4804
4812
4813
4814
4815
4816
4817
4818
4819
4820
4823
4822
4821
4824
4825
4826
4827
4829
4830
4831
4833
4832
4828
4834
4835
4836
4837
4839
4838
4840
4841
4842
4843
4845
4844
4846
4848
4849
4847
4850
4851
4852
4853
4855
4854
4856
4857
4860
4859
4858
4861
4862
4866
4864
4868
4867
4869
4863
4870
4865
4872
4871
4873
4874
4875
4877
4876
4878
4879
4881
4880
4883
4882
4885
4884
4886
4887
4889
4890
4891
4888
4892
4893
4895
4894
4896
4897
4898
4899
4900
4901
4902
4903
4904
4905
4907
4906
4908
4909
4910
4913
4911
4915
4916
4917
4914
4912
4918
4919
4920
4921
4922
4924
4923
4925
4926
4927
4930
4928
4929
4931
4932
4933
4934
4935
4936
4937
4938
4939
4941
4940
4942
4943
4944
4945
4947
4950
4949
4953
4948
4952
4951
4954
4946
4956
4957
4958
4959
4955
4961
4960
4962
4965
4963
4964
4966
4967
4968
4969
4970
4971
4972
4973
4974
4976
4975
4977
4978
4979
4980
4981
4983
4982
4986
4984
4985
4987
4989
4988
4990
4991
4993
4994
4992
4995
4997
4996
4998
4999
5001
5000
5002
5004
5006
5005
5003
5008
5007
5010
5009
5011
5012
5013
5014
5015
5016
5017
5018
5019
5020
5021
5023
5022
5025
5024
5026
5027
5028
5029
5030
5032
5031
5033
5034
5035
5037
5039
5038
5040
5041
5036
5042
5043
5045
5046
5044
5047
5049
5051
5052
5048
5050
5054
5053
5055
5056
5057
5058
5059
5060
5062
5063
5061
5065
5064
5066
5067
5068
5069
5070
5072
5073
5074
5071
5075
5078
5079
5077
5076
5080
5081
5082
5083
5086
5085
5084
5087
5089
5088
5091
5090
5092
5093
5094
5095
5097
5099
5098
5100
5096
5101
5102
5103
5104
5105
5107
5108
5106
5110
5109
5113
5111
5114
5115
5112
5116
5117
5118
5119
5121
5120
5122
5123
5124
5125
5126
5127
5129
5128
5131
5130
5132
5134
5133
5136
5135
5137
5138
5140
5139
5144
5143
5142
5141
5146
5147
5145
5149
5148
5150
5151
5152
5153
5154
5156
5155
5159
5157
5160
5158
5161
5163
5162
5164
5165
5167
5168
5166
5170
5171
5173
5169
5172
5174
5175
5176
5178
5177
5179
5180
5182
5181
5183
5184
5185
5186
5187
5188
5189
5190
5191
5192
5193
5194
5196
5195
5197
5198
5199
5203
5201
5200
5204
5206
5202
5205
5207
5211
5209
5210
5212
5208
5213
5214
5215
5216
5218
5217
5219
5220
5222
5223
5221
5224
5225
5227
5228
5229
5226
5230
5232
5231
5233
5234
5235
5236
5237
5238
5239
5240
5241
5242
5243
5245
5244
5246
5247
5249
5248
5250
5252
5251
5254
5253
5257
5256
5255
5259
5261
5258
5260
5263
5262
5264
5265
5266
5268
5267
5269
5272
5271
5270
5274
5273
5275
5276
5277
5278
5279
5280
5282
5281
5283
5284
5285
5286
5287
5288
5290
5289
5291
5293
5292
5295
5294
5297
5296
5298
5300
5299
5301
5302
5303
5305
5306
5304
5307
5308
5310
5309
5312
5314
5311
5313
5315
5317
5318
5316
5320
5319
5321
5322
5323
5324
5326
5327
5325
5328
5329
5330
5331
5332
5333
5334
5335
5336
5337
5338
5339
5340
5342
5341
5344
5345
5343
5346
5347
5350
5349
5351
5348
5352
5354
5355
5353
5356
5358
5359
5360
5357
5362
5361
5364
5363
5365
5367
5366
5368
5369
5371
5370
5372
5373
5374
5376
5375
5377
5378
5379
5380
5381
5382
5383
5385
5384
5386
5387
5390
5389
5388
5391
5392
5394
5393
5395
5396
5397
5398
5400
5399
5402
5401
5403
5404
5405
5406
5407
5408
5409
5411
5412
5410
5414
5413
5415
5416
5417
5418
5419
5422
5420
5421
5425
5423
5424
5426
5427
5428
5430
5429
5431
5432
5433
5434
5435
5436
5437
5438
5439
5441
5442
5440
5443
5444
5445
5447
5446
5448
5449
5450
5451
5452
5453
5454
5455
5457
5459
5456
5458
5460
5464
5462
5461
5466
5463
5467
5468
5465
5469
5470
5472
5471
5473
5474
5475
5476
5477
5478
5479
5480
5481
5482
5483
5486
5484
5485
5487
5489
5490
5491
5488
5492
5493
5494
5496
5495
5497
5498
5499
5500
5501
5502
5503
5504
5505
5507
5506
5508
5509
5510
5511
5513
5512
5514
5515
5517
5516
5518
5519
5520
5521
5522
5523
5524
5526
5525
5528
5527
5529
5531
5530
5532
5533
5534
5535
5536
5537
5538
5539
5540
5541
5543
5542
5544
5546
5547
5548
5545
5549
5550
5551
5552
5553
5555
5556
5557
5558
5554
5559
5560
5561
5562
5563
5565
5566
5567
5564
5568
5569
5571
5570
5572
5573
5575
5574
5576
5577
5578
5579
5580
5581
5582
5583
5584
5585
5586
5587
5589
5588
5590
5591
5592
5593
5595
5594
5596
5597
5598
5603
5602
5604
5600
5599
5601
5607
5606
5605
5608
5609
5610
5611
5612
5613
5615
5614
5616
5617
5618
5619
5620
5621
5622
5623
5624
5625
5626
5627
5629
5628
5631
5632
5630
5633
5635
5637
5634
5636
5638
5639
5640
5641
5642
5643
5644
5645
5646
5648
5647
5649
5650
5651
5652
5653
5654
5655
5656
5657
5658
5659
5660
5661
5662
5663
5664
5665
5666
5667
5670
5671
5669
5668
5672
5673
5674
5677
5676
5678
5675
5679
5680
5681
5683
5682
5684
5685
5687
5686
5689
5688
5690
5691
5692
5693
5694
5695
5696
5697
5699
5698
5700
5701
5702
5703
5704
5705
5707
5706
5709
5710
5708
5711
5712
5713
5714
5715
5716
5717
5718
5720
5719
5723
5721
5722
5724
5725
5726
5729
5730
5728
5731
5732
5727
5733
5735
5736
5734
5737
5738
5739
5740
5742
5741
5743
5744
5745
5746
5747
5750
5751
5749
5752
5753
5754
5748
5755
5756
5757
5759
5760
5758
5761
5762
5763
5764
5765
5767
5766
5768
5769
5770
5771
5772
5773
5776
5775
5774
5779
5778
5777
5780
5781
5782
5784
5783
5785
5786
5787
5789
5788
5790
5792
5791
5793
5794
5795
5796
5797
5799
5798
5801
5802
5800
5803
5804
5805
5806
5807
5809
5808
5810
5811
5812
5813
5814
5815
5816
5817
5819
5818
5820
5822
5824
5825
5823
5821
5826
5827
5829
5828
5830
5831
5832
5833
5834
5837
5836
5835
5838
5840
5841
5844
5845
5843
5842
5847
5846
5848
5839
5849
5851
5850
5852
5853
5855
5854
5858
5856
5857
5859
5860
5861
5862
5863
5864
5865
5866
5867
5868
5869
5871
5870
5872
5873
5875
5874
5876
5877
5878
5879
5880
5881
5883
5882
5884
5885
5886
5888
5887
5890
5889
5891
5893
5892
5894
5895
5896
5897
5898
5899
5901
5900
5903
5902
5905
5904
5906
5907
5908
5909
5910
5911
5912
5913
5914
5915
5918
5916
5919
5920
5921
5917
5922
5923
5925
5924
5926
5927
5928
5929
5930
5931
5932
5933
5934
5936
5935
5937
5938
5939
5942
5940
5941
5943
5944
5946
5945
5948
5947
5951
5950
5952
5949
5955
5956
5953
5954
5957
5958
5961
5959
5960
5962
5963
5964
5965
5966
5968
5969
5967
5970
5971
5972
5975
5973
5974
5979
5977
5976
5978
5980
5981
5982
5984
5983
5986
5985
5988
5987
5989
5990
5992
5993
5991
5994
5995
5997
5996
5998
5999
6000
6002
6001
6003
6006
6004
6005
6009
6008
6011
6007
6012
6010
6013
6015
6014
6017
6016
6018
6019
6020
6021
6022
6024
6023
6026
6025
6027
6029
6028
6030
6031
6032
6034
6035
6036
6037
6038
6039
6033
6040
6041
6042
6044
6045
6043
6047
6048
6046
6049
6050
6051
6055
6052
6054
6053
6056
6057
6058
6059
6060
6061
6063
6062
6065
6066
6064
6069
6070
6067
6068
6071
6073
6072
6076
6075
6074
6078
6077
6079
6080
6081
6084
6083
6082
6085
6086
6087
6088
6089
6090
6091
6092
6093
6095
6096
6094
6097
6098
6099
6101
6100
6102
6103
6104
6105
6106
6108
6107
6109
6111
6110
6113
6112
6114
6116
6115
6118
6117
6119
6120
6121
6122
6123
6124
6125
6127
6126
6128
6129
6130
6131
6132
6134
6133
6137
6135
6138
6140
6141
6136
6142
6139
6143
6145
6144
6146
6148
6147
6149
6150
6151
6153
6152
6154
6155
6156
6157
6158
6159
6160
6161
6163
6164
6162
6165
6166
6167
6168
6170
6169
6171
6173
6172
6174
6176
6175
6177
6178
6179
6180
6181
6182
6183
6184
6185
6186
6189
6188
6190
6187
6192
6191
6193
6194
6195
6196
6197
6198
6200
6199
6201
6203
6202
6205
6204
6206
6207
6208
6209
6210
6211
6212
6214
6213
6215
6217
6216
6218
6219
6221
6222
6220
6223
6224
6225
6227
6226
6229
6230
6231
6228
6232
6233
6234
6235
6236
6237
6238
6239
6240
6241
6242
6243
6244
6245
6246
6247
6249
6250
6248
6251
6254
6253
6256
6255
6257
6252
6258
6259
6261
6262
6260
6263
6265
6264
6266
6267
6268
6269
6270
6272
6271
6273
6274
6275
6276
6277
6279
6278
6280
6281
6282
6283
6284
6285
6286
6287
6288
6289
6290
6293
6291
6292
6295
6294
6296
6297
6298
6300
6301
6299
6303
6302
6304
6307
6308
6306
6305
6310
6311
6312
6313
6314
6315
6309
6316
6317
6318
6320
6319
6321
6323
6322
6324
6325
6326
6328
6327
6329
6331
6333
6330
6334
6332
6335
6336
6338
6340
6339
6341
6337
6342
6345
6344
6343
6346
6347
6348
6350
6349
6351
6352
6353
6354
6355
6356
6359
6361
6360
6357
6364
6365
6363
6362
6358
6366
6367
6368
6369
6370
6371
6372
6373
6374
6375
6376
6377
6379
6378
6380
6382
6381
6383
6385
6386
6384
6387
6388
6389
6390
6392
6391
6394
6393
6395
6396
6397
6398
6399
6400
6401
6402
6403
6405
6407
6408
6406
6409
6404
6411
6412
6410
6413
6414
6415
6416
6417
6418
6419
6420
6421
6423
6422
6425
6424
6426
6427
6429
6428
6431
6430
6432
6433
6434
6435
6436
6437
6438
6439
6441
6442
6440
6443
6445
6446
6444
6447
6448
6449
6450
6452
6453
6454
6451
6456
6455
6457
6459
6458
6460
6461
6464
6462
6463
6465
6466
6467
6468
6470
6469
6471
6472
6473
6474
6475
6476
6477
6478
6480
6479
6481
6482
6483
6484
6487
6489
6485
6486
6491
6488
6490
6492
6493
6494
6496
6495
6497
6498
6499
6500
6501
6503
6502
6504
6506
6505
6509
6507
6508
6510
6513
6511
6512
6514
6515
6516
6517
6519
6520
6518
6523
6522
6521
6524
6526
6525
6528
6527
6529
6531
6530
6532
6533
6534
6536
6535
6538
6537
6540
6541
6543
6542
6539
6544
6545
6546
6547
6548
6550
6549
6551
6552
6553
6555
6556
6554
6557
6559
6558
6560
6561
6562
6563
6564
6565
6566
6567
6570
6568
6571
6569
6572
6573
6575
6574
6576
6577
6578
6579
6581
6582
6580
6583
6585
6584
6587
6586
6588
6589
6590
6591
6592
6595
6594
6593
6596
6598
6599
6597
6601
6600
6602
6603
6604
6605
6607
6606
6608
6609
6610
6611
6612
6613
6614
6615
6616
6618
6617
6620
6619
6621
6622
6624
6623
6625
6626
6627
6628
6629
6630
6631
6632
6633
6634
6635
6636
6638
6637
6640
6639
6641
6642
6643
6645
6646
6644
6647
6648
6649
6650
6651
6652
6654
6655
6656
6657
6653
6658
6660
6661
6659
6663
6665
6664
6666
6668
6662
6667
6669
6670
6672
6671
6674
6673
6676
6675
6677
6678
6679
6680
6682
6681
6683
6684
6686
6685
6688
6689
6687
6690
6691
6692
6693
6694
6695
6696
6697
6699
6700
6698
6701
6702
6704
6705
6706
6703
6707
6708
6709
6710
6712
6713
6711
6714
6717
6715
6718
6716
6719
6722
6720
6721
6723
6725
6727
6726
6728
6724
6729
6730
6731
6732
6733
6734
6735
6736
6738
6739
6737
6741
6742
6740
6743
6744
6746
6745
6747
6749
6750
6748
6751
6753
6752
6754
6755
6756
6757
6758
6760
6761
6759
6763
6764
6765
6762
6766
6767
6768
6770
6769
6771
6772
6774
6773
6775
6776
6780
6781
6777
6778
6782
6783
6779
6784
6785
6786
6787
6788
6789
6790
6791
6792
6793
6795
6794
6796
6800
6799
6798
6801
6797
6803
6802
6804
6805
6806
6807
6808
6809
6810
6811
6812
6813
6814
6815
6818
6819
6817
6816
6820
6822
6821
6824
6825
6823
6826
6827
6829
6828
6830
6831
6832
6834
6833
6835
6836
6837
6838
6839
6840
6841
6844
6843
6845
6842
6846
6847
6849
6848
6850
6851
6852
6855
6854
6853
6857
6858
6856
6859
6860
6861
6862
6863
6864
6866
6865
6868
6867
6869
6871
6870
6872
6873
6874
6875
6876
6877
6879
6880
6878
6881
6882
6883
6884
6886
6885
6887
6888
6889
6890
6891
6892
6893
6894
6896
6895
6897
6899
6900
6902
6898
6903
6901
6905
6904
6907
6906
6908
6910
6912
6909
6911
6914
6913
6915
6916
6917
6919
6920
6918
6921
6923
6922
6924
6927
6925
6926
6928
6929
6930
6931
6934
6932
6933
6935
6936
6937
6939
6941
6942
6938
6940
6944
6945
6943
6947
6946
6949
6948
6950
6951
6952
6953
6954
6955
6956
6957
6958
6959
6961
6963
6962
6960
6964
6966
6967
6969
6968
6970
6971
6965
6974
6975
6973
6976
6972
6977
6979
6980
6981
6978
6982
6984
6983
6986
6985
6988
6989
6990
6991
6994
6987
6993
6992
6997
6995
6996
6999
7000
6998
7001
7002
7004
7005
7003
7006
7007
7008
7009
7010
7011
7012
7013
7014
7015
7016
7017
7018
7019
7020
7021
7022
7023
7024
7025
7026
7027
7028
7029
7030
7031
7033
7034
7035
7037
7038
7039
7032
7040
7041
7043
7036
7044
7042
7046
7047
7045
7049
7050
7052
7053
7048
7051
7054
7055
7056
7058
7057
7060
7062
7063
7061
7059
7065
7064
7066
7067
7069
7070
7071
7068
7073
7072
7074
7076
7075
7077
7079
7078
7081
7080
7082
7084
7083
7085
7087
7086
7089
7088
7090
7092
7091
7095
7093
7094
7096
7098
7097
7099
7103
7101
7102
7105
7107
7100
7108
7104
7106
7110
7109
7111
7113
7112
7114
7115
7116
7117
7118
7119
7120
7121
7122
7123
7125
7124
7126
7127
7129
7128
7130
7131
7133
7132
7134
7136
7137
7135
7139
7138
7140
7142
7141
7145
7144
7143
7147
7146
7149
7148
7150
7151
7153
7154
7152
7155
7156
7157
7158
7159
7160
7161
7162
7163
7165
7164
7166
7167
7168
7169
7170
7172
7171
7173
7175
7176
7174
7177
7178
7179
7181
7180
7182
7183
7184
7185
7186
7187
7189
7190
7191
7188
7192
7193
7194
7195
7196
7198
7197
7199
7200
7203
7202
7204
7205
7201
7206
7207
7208
7209
7211
7212
7213
7210
7214
7216
7215
7217
7218
7219
7220
7221
7222
7223
7225
7228
7224
7227
7226
7229
7230
7234
7233
7232
7231
7236
7237
7235
7238
7241
7240
7239
7242
7243
7244
7245
7246
7247
7248
7249
7250
7251
7252
7253
7254
7255
7257
7258
7256
7259
7260
7264
7262
7263
7265
7261
7266
7268
7269
7267
7270
7273
7272
7274
7271
7275
7278
7277
7276
7279
7280
7282
7281
7283
7284
7285
7286
7287
7290
7289
7288
7291
7292
7293
7294
7295
7296
7297
7298
7299
7300
7301
7302
7303
7304
7305
7307
7308
7310
7309
7306
7313
7312
7311
7314
7315
7316
7318
7320
7319
7317
7322
7321
7323
7326
7324
7325
7327
7329
7328
7331
7330
7334
7332
7337
7338
7335
7333
7339
7336
7340
7341
7342
7343
7345
7346
7344
7347
7350
7349
7348
7351
7352
7353
7354
7355
7356
7357
7358
7359
7360
7362
7363
7364
7366
7365
7361
7369
7368
7372
7370
7371
7367
7373
7374
7375
7376
7378
7377
7379
7380
7381
7383
7382
7385
7384
7386
7387
7389
7391
7388
7392
7390
7393
7395
7394
7397
7396
7399
7398
7401
7400
7402
7403
7404
7405
7406
7407
7409
7408
7410
7411
7412
7413
7414
7415
7416
7417
7418
7419
7420
7421
7422
7423
7424
7425
7426
7427
7428
7429
7430
7431
7432
7434
7435
7433
7437
7436
7438
7439
7440
7442
7441
7443
7444
7445
7446
7449
7450
7451
7448
7447
7452
7455
7454
7453
7458
7459
7456
7461
7462
7460
7463
7457
7464
7465
7468
7466
7467
7471
7469
7472
7470
7475
7474
7473
7477
7476
7478
7481
7479
7482
7480
7483
7484
7485
7486
7487
7488
7489
7492
7491
7490
7494
7495
7493
7496
7498
7499
7497
7501
7502
7500
7503
7504
7506
7505
7508
7507
7509
7510
7512
7513
7511
7514
7515
7516
7517
7518
7520
7519
7521
7522
7523
7525
7524
7527
7528
7529
7530
7531
7526
7533
7534
7532
7535
7536
7537
7538
7539
7540
7541
7543
7544
7545
7542
7547
7546
7548
7549
7550
7551
7552
7553
7554
7556
7555
7557
7558
7560
7559
7561
7562
7563
7564
7565
7566
7567
7568
7569
7570
7572
7571
7573
7574
7576
7575
7577
7578
7579
7580
7582
7581
7583
7584
7586
7587
7585
7588
7589
7590
7591
7592
7593
7594
7596
7595
7598
7597
7601
7600
7599
7602
7603
7604
7605
7607
7608
7606
7609
7610
7611
7612
7613
7616
7617
7615
7618
7619
7614
7621
7620
7622
7623
7625
7624
7626
7627
7628
7630
7629
7633
7631
7635
7632
7636
7634
7637
7638
7639
7641
7640
7643
7642
7644
7645
7646
7650
7647
7648
7649
7653
7652
7651
7654
7656
7657
7655
7658
7659
7660
7661
7662
7663
7665
7664
7666
7667
7668
7669
7670
7671
7672
7673
7674
7675
7677
7676
7678
7683
7680
7681
7682
7679
7685
7684
7686
7687
7688
7690
7689
7691
7692
7693
7694
7696
7695
7698
7699
7697
7700
7701
7702
7703
7704
7705
7707
7708
7706
7709
7710
7711
7712
7714
7715
7713
7716
7718
7717
7719
7720
7721
7722
7724
7723
7727
7726
7725
7728
7729
7730
7731
7732
7733
7734
7735
7737
7736
7739
7738
7740
7741
7742
7743
7745
7744
7746
7747
7748
7749
7750
7751
7752
7754
7755
7756
7753
7757
7760
7758
7759
7761
7762
7763
7764
7766
7765
7767
7768
7769
7770
7771
7772
7773
7774
7775
7777
7776
7779
7778
7780
7781
7783
7782
7784
7786
7787
7788
7785
7789
7792
7793
7791
7794
7795
7796
7790
7797
7798
7799
7800
7801
7802
7804
7805
7803
7806
7807
7808
7809
7810
7811
7812
7814
7813
7816
7818
7817
7819
7815
7820
7821
7822
7823
7824
7825
7826
7827
7829
7828
7830
7831
7832
7834
7833
7835
7837
7836
7838
7839
7841
7840
7842
7843
7844
7845
7846
7847
7849
7848
7850
7851
7852
7855
7856
7857
7854
7853
7858
7859
7860
7861
7863
7862
7864
7867
7866
7865
7868
7871
7869
7870
7872
7873
7874
7875
7876
7878
7879
7877
7880
7882
7883
7881
7884
7885
7887
7886
7888
7889
7890
7891
7892
7893
7894
7895
7896
7897
7898
7899
7900
7901
7902
7904
7903
7906
7907
7905
7908
7909
7911
7910
7912
7914
7913
7916
7915
7918
7917
7920
7921
7922
7919
7923
7924
7925
7926
7927
7928
7929
7930
7931
7932
7935
7937
7936
7933
7934
7939
7938
7940
7941
7942
7943
7944
7945
7947
7946
7948
7949
7952
7950
7954
7951
7955
7956
7957
7953
7959
7960
7958
7961
7963
7962
7964
7965
7966
7967
7968
7970
7969
7971
7972
7974
7975
7976
7973
7977
7978
7979
7980
7981
7982
7983
7986
7984
7985
7987
7989
7988
7990
7991
7993
7994
7992
7995
7996
7997
7999
7998
8001
8002
8003
8000
8004
8005
8006
8007
8008
8009
8010
8011
8013
8012
8014
8015
8016
8018
8017
8019
8020
8021
8022
8023
8025
8026
8024
8027
8028
8029
8030
8031
8033
8032
8034
8035
8036
8037
8038
8039
8040
8041
8042
8043
8044
8045
8047
8046
8048
8049
8050
8051
8053
8052
8054
8055
8058
8057
8056
8059
8061
8060
8063
8062
8065
8064
8066
8067
8070
8068
8069
8072
8071
8074
8073
8075
8076
8078
8077
8079
8080
8081
8082
8083
8084
8085
8086
8088
8087
8089
8090
8091
8094
8092
8093
8095
8096
8097
8100
8099
8102
8101
8098
8103
8104
8105
8106
8108
8109
8111
8107
8110
8112
8114
8113
8115
8116
8119
8117
8118
8120
8121
8122
8123
8124
8125
8127
8126
8128
8130
8129
8131
8132
8134
8135
8133
8136
8137
8140
8142
8138
8141
8143
8139
8146
8148
8147
8149
8144
8150
8145
8151
8152
8153
8154
8155
8156
8157
8158
8160
8159
8161
8164
8162
8163
8165
8166
8167
8170
8168
8169
8171
8174
8172
8173
8176
8175
8179
8178
8177
8181
8183
8185
8184
8180
8182
8186
8187
8188
8189
8190
8191
8192
8193
8194
8196
8195
8198
8197
8200
8199
8201
8202
8203
8204
8206
8207
8209
8210
8208
8212
8205
8211
8215
8213
8214
8219
8218
8217
8216
8220
8222
8221
8223
8224
8225
8226
8227
8228
8229
8231
8232
8234
8230
8233
8235
8237
8239
8238
8240
8236
8241
8242
8243
8244
8245
8247
8248
8246
8251
8250
8252
8253
8249
8254
8255
8257
8258
8259
8256
8260
8261
8262
8263
8264
8265
8266
8267
8268
8269
8270
8271
8272
8273
8274
8275
8276
8277
8279
8280
8278
8282
8281
8283
8284
8286
8285
8287
8288
8289
8291
8290
8292
8293
8294
8295
8298
8297
8296
8299
8301
8302
8300
8303
8304
8306
8305
8307
8308
8309
8310
8311
8312
8313
8314
8315
8316
8317
8318
8319
8320
8322
8323
8321
8324
8325
8327
8326
8330
8329
8331
8328
8333
8332
8334
8336
8335
8337
8338
8339
8342
8340
8341
8344
8343
8346
8345
8347
8348
8350
8349
8351
8352
8353
8355
8354
8356
8357
8360
8358
8362
8359
8361
8364
8365
8366
8363
8367
8368
8370
8371
8369
8373
8372
8374
8376
8377
8375
8378
8379
8380
8382
8381
8383
8384
8385
8386
8387
8389
8388
8390
8391
8392
8393
8394
8397
8395
8396
8398
8399
8401
8402
8400
8404
8405
8403
8406
8407
8408
8409
8412
8413
8414
8410
8415
8411
8416
8417
8419
8418
8420
8421
8423
8422
8424
8426
8425
8429
8428
8427
8431
8430
8433
8432
8434
8436
8435
8437
8438
8439
8441
8442
8440
8443
8446
8445
8444
8447
8448
8449
8450
8451
8452
8453
8454
8455
8456
8457
8458
8459
8461
8460
8462
8463
8465
8466
8464
8467
8468
8470
8469
8471
8472
8474
8473
8475
8477
8479
8478
8476
8483
8482
8480
8484
8485
8481
8486
8488
8487
8489
8490
8491
8492
8493
8494
8495
8496
8497
8498
8499
8503
8501
8502
8500
8504
8505
8506
8507
8509
8508
8511
8512
8510
8514
8515
8516
8517
8513
8518
8519
8520
8521
8522
8523
8525
8524
8526
8527
8530
8529
8531
8528
8533
8532
8534
8535
8536
8537
8538
8539
8540
8541
8542
8543
8544
8545
8546
8547
8549
8550
8551
8548
8552
8553
8554
8555
8558
8557
8556
8559
8560
8561
8562
8564
8563
8565
8566
8567
8569
8568
8570
8571
8572
8573
8575
8574
8576
8577
8578
8579
8581
8580
8582
8583
8584
8586
8587
8589
8585
8590
8591
8593
8592
8595
8588
8596
8594
8597
8598
8599
8600
8605
8603
8604
8601
8602
8606
8607
8608
8609
8610
8611
8612
8613
8614
8615
8616
8618
8619
8620
8617
8621
8622
8623
8624
8625
8626
8627
8628
8629
8631
8630
8632
8633
8634
8635
8636
8638
8637
8640
8639
8641
8642
8643
8644
8646
8645
8649
8648
8650
8651
8647
8653
8652
8654
8655
8656
8658
8660
8657
8661
8659
8662
8663
8665
8664
8666
8667
8668
8670
8669
8671
8673
8672
8674
8675
8677
8678
8676
8679
8681
8680
8682
8685
8683
8684
8686
8688
8687
8690
8689
8691
8693
8694
8692
8695
8696
8697
8698
8699
8701
8700
8702
8704
8703
8706
8707
8708
8705
8709
8710
8712
8713
8714
8711
8715
8716
8717
8718
8720
8719
8721
8723
8724
8722
8725
8728
8727
8729
8731
8732
8726
8730
8735
8733
8734
8737
8736
8738
8740
8739
8742
8741
8743
8745
8744
8746
8747
8748
8749
8750
8751
8753
8754
8752
8757
8758
8756
8755
8759
8760
8761
8762
8763
8764
8765
8766
8767
8768
8769
8770
8771
8772
8773
8774
8775
8776
8778
8777
8779
8781
8780
8782
8783
8784
8785
8786
8787
8788
8789
8790
8791
8793
8792
8794
8795
8797
8798
8799
8800
8801
8796
8803
8802
8804
8805
8807
8808
8806
8811
8809
8813
8810
8812
8815
8814
8817
8816
8818
8820
8819
8822
8821
8823
8824
8826
8825
8827
8829
8830
8831
8828
8832
8833
8834
8835
8836
8838
8837
8841
8840
8842
8839
8843
8845
8844
8846
8847
8848
8849
8850
8852
8851
8854
8855
8853
8856
8857
8858
8859
8860
8861
8862
8863
8865
8864
8866
8867
8868
8871
8869
8870
8872
8873
8874
8875
8876
8879
8877
8878
8880
8881
8882
8883
8886
8884
8887
8885
8888
8889
8891
8893
8892
8896
8894
8897
8895
8890
8898
8900
8901
8899
8902
8904
8903
8905
8906
8909
8907
8910
8911
8908
8912
8913
8915
8914
8918
8917
8919
8921
8916
8920
8922
8924
8923
8925
8926
8927
8929
8928
8930
8931
8935
8933
8932
8937
8934
8938
8936
8939
8940
8942
8941
8943
8945
8946
8947
8944
8949
8948
8950
8952
8951
8954
8956
8953
8957
8958
8959
8955
8960
8961
8962
8963
8964
8967
8966
8968
8965
8970
8971
8972
8969
8974
8973
8975
8976
8977
8979
8978
8980
8981
8983
8982
8984
8986
8985
8987
8988
8990
8991
8989
8992
8993
8994
8996
8995
8997
8999
8998
9000
9001
9002
9003
9004
9005
9006
9007
9008
9010
9009
9011
9012
9014
9013
9015
9016
9017
9019
9018
9020
9021
9024
9022
9025
9026
9023
9027
9028
9029
9030
9031
9032
9035
9034
9033
9036
9038
9037
9039
9041
9040
9042
9043
9045
9046
9048
9049
9047
9050
9051
9044
9052
9053
9054
9056
9055
9058
9059
9060
9057
9062
9063
9065
9064
9061
9066
9067
9068
9069
9071
9070
9072
9075
9073
9074
9076
9078
9077
9079
9080
9081
9082
9083
9085
9088
9086
9084
9090
9091
9089
9087
9092
9093
9094
9095
9097
9096
9099
9101
9098
9100
9102
9103
9104
9105
9106
9108
9109
9107
9111
9110
9112
9113
9116
9115
9117
9118
9120
9114
9119
9122
9121
9123
9124
9126
9127
9128
9130
9129
9132
9125
9131
9133
9134
9135
9136
9138
9137
9139
9140
9142
9141
9144
9143
9146
9145
9147
9148
9149
9150
9151
9152
9154
9153
9156
9155
9158
9159
9160
9157
9161
9163
9164
9162
9165
9167
9166
9168
9169
9171
9170
9174
9172
9173
9176
9178
9177
9175
9179
9181
9180
9182
9183
9184
9185
9186
9187
9188
9190
9191
9193
9192
9195
9196
9189
9194
9200
9197
9198
9201
9202
9199
9203
9204
9206
9207
9208
9205
9210
9209
9211
9212
9213
9214
9215
9216
9217
9218
9220
9221
9222
9219
9224
9225
9228
9223
9226
9229
9227
9231
9233
9232
9234
9235
9230
9236
9237
9238
9239
9240
9241
9243
9242
9244
9245
9246
9247
9248
9250
9249
9251
9254
9252
9253
9256
9255
9257
9258
9259
9260
9262
9261
9263
9264
9266
9265
9267
9269
9270
9268
9271
9272
9273
9274
9275
9277
9276
9278
9280
9279
9281
9282
9283
9285
9284
9286
9288
9289
9287
9291
9292
9290
9293
9295
9294
9296
9297
9299
9298
9300
9301
9302
9303
9304
9306
9307
9305
9308
9309
9312
9311
9313
9314
9310
9315
9316
9318
9317
9319
9320
9321
9322
9323
9324
9325
9326
9327
9328
9331
9329
9333
9330
9332
9336
9337
9334
9335
9338
9339
9340
9341
9342
9343
9345
9344
9346
9347
9349
9348
9350
9351
9353
9352
9354
9355
9356
9357
9358
9359
9360
9362
9361
9363
9364
9365
9367
9369
9368
9371
9370
9366
9372
9373
9375
9374
9376
9378
9377
9381
9380
9379
9383
9382
9385
9384
9386
9388
9387
9389
9391
9390
9392
9393
9394
9395
9396
9398
9397
9399
9400
9401
9402
9403
9404
9405
9406
9407
9408
9409
9410
9411
9412
9413
9414
9417
9416
9419
9418
9420
9415
9423
9421
9422
9426
9424
9427
9425
9429
9430
9428
9431
9433
9432
9435
9436
9434
9437
9438
9439
9440
9441
9442
9445
9444
9443
9446
9447
9449
9450
9448
9451
9452
9454
9455
9453
9456
9457
9459
9458
9460
9462
9461
9463
9464
9466
9467
9465
9468
9470
9472
9469
9471
9474
9473
9475
9477
9476
9478
9479
9480
9482
9481
9483
9484
9485
9488
9489
9486
9490
9487
9491
9493
9494
9492
9495
9497
9496
9498
9499
9500
9501
9502
9503
9504
9506
9505
9507
9508
9509
9510
9511
9512
9513
9515
9514
9516
9517
9518
9520
9519
9521
9525
9522
9524
9523
9527
9526
9530
9528
9532
9531
9529
9533
9534
9535
9536
9538
9537
9540
9539
9541
9542
9544
9543
9545
9548
9546
9547
9549
9550
9551
9554
9553
9552
9555
9556
9557
9559
9558
9560
9561
9562
9563
9564
9565
9566
9567
9568
9569
9570
9571
9572
9573
9575
9574
9577
9576
9579
9578
9580
9582
9583
9581
9584
9585
9586
9587
9588
9589
9590
9591
9592
9593
9594
9595
9597
9596
9598
9599
9600
9601
9602
9603
9604
9605
9606
9607
9608
9609
9611
9612
9613
9614
9610
9615
9616
9617
9618
9619
9621
9620
9622
9624
9623
9625
9627
9626
9628
9629
9630
9632
9631
9633
9635
9634
9636
9638
9637
9640
9639
9641
9642
9643
9644
9645
9647
9648
9646
9649
9650
9651
9652
9653
9654
9655
9657
9656
9658
9659
9660
9663
9662
9664
9661
9665
9666
9667
9668
9669
9670
9671
9672
9674
9673
9676
9677
9675
9678
9680
9679
9682
9683
9684
9681
9686
9685
9687
9689
9688
9690
9691
9692
9693
9697
9698
9695
9694
9699
9701
9700
9702
9696
9703
9704
9705
9707
9706
9708
9709
9710
9711
9712
9713
9717
9716
9715
9714
9718
9720
9719
9722
9721
9723
9726
9725
9724
9727
9729
9728
9730
9734
9732
9731
9733
9736
9735
9737
9738
9739
9743
9742
9740
9741
9744
9745
9746
9747
9749
9750
9748
9751
9752
9753
9754
9755
9756
9758
9759
9757
9760
9761
9763
9764
9762
9765
9766
9767
9769
9768
9770
9771
9773
9772
9774
9775
9776
9777
9778
9779
9780
9781
9783
9782
9784
9785
9786
9789
9788
9787
9790
9792
9794
9791
9793
9795
9796
9797
9799
9798
9800
9801
9803
9802
9804
9805
9806
9807
9809
9808
9810
9811
9812
9813
9815
9816
9814
9817
9818
9819
9820
9821
9822
9824
9827
9823
9826
9825
9828
9829
9830
9831
9832
9833
9835
9834
9836
9838
9839
9840
9837
9841
9842
9843
9844
9846
9845
9847
9849
9848
9850
9851
9852
9854
9853
9855
9856
9857
9859
9858
9860
9861
9862
9863
9864
9866
9865
9867
9868
9870
9869
9871
9872
9874
9873
9875
9876
9877
9880
9879
9878
9883
9881
9882
9884
9885
9886
9888
9887
9890
9889
9891
9893
9894
9892
9896
9895
9897
9899
9900
9901
9898
9902
9904
9903
9906
9908
9907
9905
9911
9910
9909
9912
9914
9913
9915
9916
9917
9918
9919
9920
9921
9922
9923
9925
9926
9924
9927
9931
9930
9929
9928
9932
9933
9934
9935
9937
9936
9938
9941
9942
9940
9939
9943
9944
9945
9946
9947
9948
9952
9950
9949
9951
9953
9955
9956
9957
9958
9954
9960
9959
9962
9961
9963
9965
9966
9967
9964
9969
9971
9970
9968
9973
9974
9972
9975
9976
9977
9978
9979
9980
9981
9982
9983
9984
9986
9985
9988
9987
9989
9991
9990
9992
9993
9995
9994
9996
9997
9998
9999
10000

Scan completed in: 0:00:04.454685
